-2 -1.59792
-1.96 -1.49505
-1.92 -1.39425
-1.88 -1.29553
-1.84 -1.19888
-1.8 -1.10432
-1.76 -1.01183
-1.72 -0.921425
-1.68 -0.833095
-1.64 -0.746844
-1.6 -0.662672
-1.56 -0.580577
-1.52 -0.500561
-1.48 -0.422623
-1.44 -0.346764
-1.4 -0.272983
-1.36 -0.20128
-1.32 -0.131656
-1.28 -0.0641098
-1.24 0.00135791
-1.2 0.0647473
-1.16 0.126058
-1.12 0.185291
-1.08 0.242445
-1.04 0.297521
-1 0.350519
-0.96 0.401438
-0.92 0.450279
-0.88 0.497042
-0.84 0.541726
-0.8 0.584332
-0.76 0.62486
-0.72 0.663309
-0.68 0.69968
-0.64 0.733973
-0.6 0.766187
-0.56 0.796323
-0.52 0.82438
-0.48 0.85036
-0.44 0.87426
-0.4 0.896083
-0.36 0.915827
-0.32 0.933493
-0.28 0.949081
-0.24 0.96259
-0.2 0.974021
-0.16 0.983373
-0.12 0.990647
-0.08 0.995843
-0.04 0.998961
0 1
0.04 0.998961
0.08 0.995843
0.12 0.990647
0.16 0.983373
0.2 0.974021
0.24 0.96259
0.28 0.949081
0.32 0.933493
0.36 0.915827
0.4 0.896083
0.44 0.87426
0.48 0.85036
0.52 0.82438
0.56 0.796323
0.6 0.766187
0.64 0.733973
0.68 0.69968
0.72 0.663309
0.76 0.62486
0.8 0.584332
0.84 0.541726
0.88 0.497042
0.92 0.450279
0.96 0.401438
1 0.350519
1.04 0.297521
1.08 0.242445
1.12 0.185291
1.16 0.126058
1.2 0.0647473
1.24 0.00135791
1.28 -0.0641098
1.32 -0.131656
1.36 -0.20128
1.4 -0.272983
1.44 -0.346764
1.48 -0.422623
1.52 -0.500561
1.56 -0.580577
1.6 -0.662672
1.64 -0.746844
1.68 -0.833095
1.72 -0.921425
1.76 -1.01183
1.8 -1.10432
1.84 -1.19888
1.88 -1.29553
1.92 -1.39425
1.96 -1.49505
