-2 2.31604
-1.96 2.26392
-1.92 2.21286
-1.88 2.16285
-1.84 2.11389
-1.8 2.06599
-1.76 2.01914
-1.72 1.97334
-1.68 1.92859
-1.64 1.8849
-1.6 1.84226
-1.56 1.80068
-1.52 1.76014
-1.48 1.72066
-1.44 1.68223
-1.4 1.64486
-1.36 1.60853
-1.32 1.57327
-1.28 1.53905
-1.24 1.50588
-1.2 1.47377
-1.16 1.44271
-1.12 1.41271
-1.08 1.38376
-1.04 1.35586
-1 1.32901
-0.96 1.30321
-0.92 1.27847
-0.88 1.25478
-0.84 1.23215
-0.8 1.21057
-0.76 1.19004
-0.72 1.17056
-0.68 1.15213
-0.64 1.13476
-0.6 1.11844
-0.56 1.10318
-0.52 1.08896
-0.48 1.0758
-0.44 1.0637
-0.4 1.05264
-0.36 1.04264
-0.32 1.03369
-0.28 1.02579
-0.24 1.01895
-0.2 1.01316
-0.16 1.00842
-0.12 1.00474
-0.08 1.00211
-0.04 1.00053
0 1
0.04 1.00053
0.08 1.00211
0.12 1.00474
0.16 1.00842
0.2 1.01316
0.24 1.01895
0.28 1.02579
0.32 1.03369
0.36 1.04264
0.4 1.05264
0.44 1.0637
0.48 1.0758
0.52 1.08896
0.56 1.10318
0.6 1.11844
0.64 1.13476
0.68 1.15213
0.72 1.17056
0.76 1.19004
0.8 1.21057
0.84 1.23215
0.88 1.25478
0.92 1.27847
0.96 1.30321
1 1.32901
1.04 1.35586
1.08 1.38376
1.12 1.41271
1.16 1.44271
1.2 1.47377
1.24 1.50588
1.28 1.53905
1.32 1.57327
1.36 1.60853
1.4 1.64486
1.44 1.68223
1.48 1.72066
1.52 1.76014
1.56 1.80068
1.6 1.84226
1.64 1.8849
1.68 1.92859
1.72 1.97334
1.76 2.01914
1.8 2.06599
1.84 2.11389
1.88 2.16285
1.92 2.21286
1.96 2.26392
