-2 -0.653278
-1.96 -0.712187
-1.92 -0.76622
-1.88 -0.815153
-1.84 -0.858762
-1.8 -0.896834
-1.76 -0.929166
-1.72 -0.955579
-1.68 -0.97592
-1.64 -0.990063
-1.6 -0.997917
-1.56 -0.999426
-1.52 -0.994573
-1.48 -0.98338
-1.44 -0.965908
-1.4 -0.942261
-1.36 -0.912582
-1.32 -0.877054
-1.28 -0.8359
-1.24 -0.789378
-1.2 -0.737786
-1.16 -0.681452
-1.12 -0.620738
-1.08 -0.556034
-1.04 -0.487757
-1 -0.416348
-0.96 -0.342267
-0.92 -0.265991
-0.88 -0.188014
-0.84 -0.108837
-0.8 -0.0289706
-0.76 0.0510712
-0.72 0.130774
-0.68 0.209626
-0.64 0.287123
-0.6 0.362767
-0.56 0.436075
-0.52 0.50658
-0.48 0.573831
-0.44 0.6374
-0.4 0.696884
-0.36 0.751904
-0.32 0.802111
-0.28 0.847187
-0.24 0.886846
-0.2 0.920837
-0.16 0.948946
-0.12 0.970995
-0.08 0.986844
-0.04 0.996394
0 0.999584
0.04 0.996394
0.08 0.986844
0.12 0.970995
0.16 0.948946
0.2 0.920837
0.24 0.886846
0.28 0.847187
0.32 0.802111
0.36 0.751904
0.4 0.696884
0.44 0.6374
0.48 0.573831
0.52 0.50658
0.56 0.436075
0.6 0.362767
0.64 0.287123
0.68 0.209626
0.72 0.130774
0.76 0.0510712
0.8 -0.0289706
0.84 -0.108837
0.88 -0.188014
0.92 -0.265991
0.96 -0.342267
1 -0.416348
1.04 -0.487757
1.08 -0.556034
1.12 -0.620738
1.16 -0.681452
1.2 -0.737786
1.24 -0.789378
1.28 -0.8359
1.32 -0.877054
1.36 -0.912582
1.4 -0.942261
1.44 -0.965908
1.48 -0.98338
1.52 -0.994573
1.56 -0.999426
1.6 -0.997917
1.64 -0.990063
1.68 -0.97592
1.72 -0.955579
1.76 -0.929166
1.8 -0.896834
1.84 -0.858762
1.88 -0.815153
1.92 -0.76622
1.96 -0.712187
