-2 1.90398
-1.96 1.92752
-1.92 1.9451
-1.88 1.95816
-1.84 1.96788
-1.8 1.97513
-1.76 1.98059
-1.72 1.98474
-1.68 1.9879
-1.64 1.99024
-1.6 1.99184
-1.56 1.99269
-1.52 1.99271
-1.48 1.99179
-1.44 1.98975
-1.4 1.98643
-1.36 1.98164
-1.32 1.9752
-1.28 1.96694
-1.24 1.95673
-1.2 1.94444
-1.16 1.92997
-1.12 1.91328
-1.08 1.89433
-1.04 1.87315
-1 1.84978
-0.96 1.82431
-0.92 1.79687
-0.88 1.76762
-0.84 1.73674
-0.8 1.70447
-0.76 1.67104
-0.72 1.63672
-0.68 1.6018
-0.64 1.56659
-0.6 1.53139
-0.56 1.49653
-0.52 1.46233
-0.48 1.42911
-0.44 1.39718
-0.4 1.36687
-0.36 1.33845
-0.32 1.31222
-0.28 1.28842
-0.24 1.26729
-0.2 1.24904
-0.16 1.23385
-0.12 1.22188
-0.08 1.21325
-0.04 1.20803
0 1.20628
0.04 1.20803
0.08 1.21325
0.12 1.22188
0.16 1.23385
0.2 1.24904
0.24 1.26729
0.28 1.28842
0.32 1.31222
0.36 1.33845
0.4 1.36687
0.44 1.39718
0.48 1.42911
0.52 1.46233
0.56 1.49653
0.6 1.53139
0.64 1.56659
0.68 1.6018
0.72 1.63672
0.76 1.67104
0.8 1.70447
0.84 1.73674
0.88 1.76762
0.92 1.79687
0.96 1.82431
1 1.84978
1.04 1.87315
1.08 1.89433
1.12 1.91328
1.16 1.92997
1.2 1.94444
1.24 1.95673
1.28 1.96694
1.32 1.9752
1.36 1.98164
1.4 1.98643
1.44 1.98975
1.48 1.99179
1.52 1.99271
1.56 1.99269
1.6 1.99184
1.64 1.99024
1.68 1.9879
1.72 1.98474
1.76 1.98059
1.8 1.97513
1.84 1.96788
1.88 1.95816
1.92 1.9451
1.96 1.92752
