-2 -0.653644
-1.96 -0.712033
-1.92 -0.765867
-1.88 -0.814803
-1.84 -0.858526
-1.8 -0.896758
-1.76 -0.929254
-1.72 -0.955806
-1.68 -0.976244
-1.64 -0.990437
-1.6 -0.998295
-1.56 -0.999767
-1.52 -0.994844
-1.48 -0.983557
-1.44 -0.965979
-1.4 -0.942222
-1.36 -0.912438
-1.32 -0.876818
-1.28 -0.835589
-1.24 -0.789015
-1.2 -0.737394
-1.16 -0.681056
-1.12 -0.620362
-1.08 -0.555699
-1.04 -0.487482
-1 -0.416147
-0.96 -0.34215
-0.92 -0.265964
-0.88 -0.188077
-0.84 -0.108987
-0.8 -0.0291995
-0.76 0.0507745
-0.72 0.130424
-0.68 0.209239
-0.64 0.286715
-0.6 0.362358
-0.56 0.435682
-0.52 0.50622
-0.48 0.57352
-0.44 0.637151
-0.4 0.696707
-0.36 0.751806
-0.32 0.802096
-0.28 0.847255
-0.24 0.886995
-0.2 0.921061
-0.16 0.949235
-0.12 0.971338
-0.08 0.987227
-0.04 0.996802
0 1
0.04 0.996802
0.08 0.987227
0.12 0.971338
0.16 0.949235
0.2 0.921061
0.24 0.886995
0.28 0.847255
0.32 0.802096
0.36 0.751806
0.4 0.696707
0.44 0.637151
0.48 0.57352
0.52 0.50622
0.56 0.435682
0.6 0.362358
0.64 0.286715
0.68 0.209239
0.72 0.130424
0.76 0.0507745
0.8 -0.0291995
0.84 -0.108987
0.88 -0.188077
0.92 -0.265964
0.96 -0.34215
1 -0.416147
1.04 -0.487482
1.08 -0.555699
1.12 -0.620362
1.16 -0.681056
1.2 -0.737394
1.24 -0.789015
1.28 -0.835589
1.32 -0.876818
1.36 -0.912438
1.4 -0.942222
1.44 -0.965979
1.48 -0.983557
1.52 -0.994844
1.56 -0.999767
1.6 -0.998295
1.64 -0.990437
1.68 -0.976244
1.72 -0.955806
1.76 -0.929254
1.8 -0.896758
1.84 -0.858526
1.88 -0.814803
1.92 -0.765867
1.96 -0.712033
