-2 1.90992
-1.96 1.92479
-1.92 1.9402
-1.88 1.95313
-1.84 1.96384
-1.8 1.97314
-1.76 1.98144
-1.72 1.98865
-1.68 1.99444
-1.64 1.99846
-1.6 2.00049
-1.56 2.00052
-1.52 1.9987
-1.48 1.99523
-1.44 1.99036
-1.4 1.98423
-1.36 1.97691
-1.32 1.96833
-1.28 1.95838
-1.24 1.94686
-1.2 1.93362
-1.16 1.91854
-1.12 1.90157
-1.08 1.88277
-1.04 1.86228
-1 1.84031
-0.96 1.81712
-0.92 1.79293
-0.88 1.76797
-0.84 1.74234
-0.8 1.71609
-0.76 1.68914
-0.72 1.66132
-0.68 1.6324
-0.64 1.6021
-0.6 1.57014
-0.56 1.53633
-0.52 1.50055
-0.48 1.46285
-0.44 1.42346
-0.4 1.38281
-0.36 1.34153
-0.32 1.30043
-0.28 1.26047
-0.24 1.22273
-0.2 1.18833
-0.16 1.15837
-0.12 1.13387
-0.08 1.11569
-0.04 1.10451
0 1.10073
0.04 1.10451
0.08 1.11569
0.12 1.13387
0.16 1.15837
0.2 1.18833
0.24 1.22273
0.28 1.26047
0.32 1.30043
0.36 1.34153
0.4 1.38281
0.44 1.42346
0.48 1.46285
0.52 1.50055
0.56 1.53633
0.6 1.57014
0.64 1.6021
0.68 1.6324
0.72 1.66132
0.76 1.68914
0.8 1.71609
0.84 1.74234
0.88 1.76797
0.92 1.79293
0.96 1.81712
1 1.84031
1.04 1.86228
1.08 1.88277
1.12 1.90157
1.16 1.91854
1.2 1.93362
1.24 1.94686
1.28 1.95838
1.32 1.96833
1.36 1.97691
1.4 1.98423
1.44 1.99036
1.48 1.99523
1.52 1.9987
1.56 2.00052
1.6 2.00049
1.64 1.99846
1.68 1.99444
1.72 1.98865
1.76 1.98144
1.8 1.97314
1.84 1.96384
1.88 1.95313
1.92 1.9402
1.96 1.92479
