-2 -0.653644
-1.96 -0.588159
-1.92 -0.523998
-1.88 -0.46116
-1.84 -0.399644
-1.8 -0.339451
-1.76 -0.280582
-1.72 -0.223035
-1.68 -0.166811
-1.64 -0.11191
-1.6 -0.0583319
-1.56 -0.00607678
-1.52 0.0448554
-1.48 0.0944648
-1.44 0.142751
-1.4 0.189715
-1.36 0.235355
-1.32 0.279673
-1.28 0.322668
-1.24 0.364339
-1.2 0.404688
-1.16 0.443714
-1.12 0.481417
-1.08 0.517798
-1.04 0.552855
-1 0.586589
-0.96 0.619001
-0.92 0.650089
-0.88 0.679855
-0.84 0.708297
-0.8 0.735417
-0.76 0.761214
-0.72 0.785688
-0.68 0.808839
-0.64 0.830667
-0.6 0.851172
-0.56 0.870354
-0.52 0.888214
-0.48 0.90475
-0.44 0.919964
-0.4 0.933854
-0.36 0.946422
-0.32 0.957667
-0.28 0.967589
-0.24 0.976188
-0.2 0.983464
-0.16 0.989417
-0.12 0.994047
-0.08 0.997354
-0.04 0.999339
0 1
0.04 0.999339
0.08 0.997354
0.12 0.994047
0.16 0.989417
0.2 0.983464
0.24 0.976188
0.28 0.967589
0.32 0.957667
0.36 0.946422
0.4 0.933854
0.44 0.919964
0.48 0.90475
0.52 0.888214
0.56 0.870354
0.6 0.851172
0.64 0.830667
0.68 0.808839
0.72 0.785688
0.76 0.761214
0.8 0.735417
0.84 0.708297
0.88 0.679855
0.92 0.650089
0.96 0.619001
1 0.586589
1.04 0.552855
1.08 0.517798
1.12 0.481417
1.16 0.443714
1.2 0.404688
1.24 0.364339
1.28 0.322668
1.32 0.279673
1.36 0.235355
1.4 0.189715
1.44 0.142751
1.48 0.0944648
1.52 0.0448554
1.56 -0.00607678
1.6 -0.0583319
1.64 -0.11191
1.68 -0.166811
1.72 -0.223035
1.76 -0.280582
1.8 -0.339451
1.84 -0.399644
1.88 -0.46116
1.92 -0.523998
1.96 -0.588159
