-2 1.9093
-1.96 1.87329
-1.92 1.83801
-1.88 1.80346
-1.84 1.76963
-1.8 1.73653
-1.76 1.70416
-1.72 1.67252
-1.68 1.6416
-1.64 1.61141
-1.6 1.58195
-1.56 1.55322
-1.52 1.52521
-1.48 1.49793
-1.44 1.47138
-1.4 1.44556
-1.36 1.42046
-1.32 1.39609
-1.28 1.37245
-1.24 1.34953
-1.2 1.32735
-1.16 1.30589
-1.12 1.28516
-1.08 1.26515
-1.04 1.24587
-1 1.22732
-0.96 1.2095
-0.92 1.19241
-0.88 1.17604
-0.84 1.1604
-0.8 1.14549
-0.76 1.1313
-0.72 1.11784
-0.68 1.10511
-0.64 1.09311
-0.6 1.08184
-0.56 1.07129
-0.52 1.06147
-0.48 1.05238
-0.44 1.04401
-0.4 1.03637
-0.36 1.02946
-0.32 1.02328
-0.28 1.01782
-0.24 1.01309
-0.2 1.00909
-0.16 1.00582
-0.12 1.00327
-0.08 1.00145
-0.04 1.00036
0 1
0.04 1.00036
0.08 1.00145
0.12 1.00327
0.16 1.00582
0.2 1.00909
0.24 1.01309
0.28 1.01782
0.32 1.02328
0.36 1.02946
0.4 1.03637
0.44 1.04401
0.48 1.05238
0.52 1.06147
0.56 1.07129
0.6 1.08184
0.64 1.09311
0.68 1.10511
0.72 1.11784
0.76 1.1313
0.8 1.14549
0.84 1.1604
0.88 1.17604
0.92 1.19241
0.96 1.2095
1 1.22732
1.04 1.24587
1.08 1.26515
1.12 1.28516
1.16 1.30589
1.2 1.32735
1.24 1.34953
1.28 1.37245
1.32 1.39609
1.36 1.42046
1.4 1.44556
1.44 1.47138
1.48 1.49793
1.52 1.52521
1.56 1.55322
1.6 1.58195
1.64 1.61141
1.68 1.6416
1.72 1.67252
1.76 1.70416
1.8 1.73653
1.84 1.76963
1.88 1.80346
1.92 1.83801
1.96 1.87329
