-2 -0.653644
-1.96 -0.713509
-1.92 -0.768119
-1.88 -0.817335
-1.84 -0.861005
-1.8 -0.898975
-1.76 -0.931094
-1.72 -0.957224
-1.68 -0.977244
-1.64 -0.991054
-1.6 -0.998583
-1.56 -0.999792
-1.52 -0.994672
-1.48 -0.983253
-1.44 -0.965599
-1.4 -0.941815
-1.36 -0.912042
-1.32 -0.876462
-1.28 -0.835293
-1.24 -0.78879
-1.2 -0.737244
-1.16 -0.680978
-1.12 -0.620349
-1.08 -0.555741
-1.04 -0.487566
-1 -0.416259
-0.96 -0.342278
-0.92 -0.266096
-0.88 -0.188202
-0.84 -0.109097
-0.8 -0.0292882
-0.76 0.0507115
-0.72 0.130388
-0.68 0.20923
-0.64 0.286731
-0.6 0.362395
-0.56 0.435736
-0.52 0.506285
-0.48 0.57359
-0.44 0.637221
-0.4 0.696771
-0.36 0.75186
-0.32 0.802136
-0.28 0.84728
-0.24 0.887003
-0.2 0.921052
-0.16 0.94921
-0.12 0.971299
-0.08 0.987178
-0.04 0.996746
0 0.999942
0.04 0.996746
0.08 0.987178
0.12 0.971299
0.16 0.94921
0.2 0.921052
0.24 0.887003
0.28 0.84728
0.32 0.802136
0.36 0.75186
0.4 0.696771
0.44 0.637221
0.48 0.57359
0.52 0.506285
0.56 0.435736
0.6 0.362395
0.64 0.286731
0.68 0.20923
0.72 0.130388
0.76 0.0507115
0.8 -0.0292882
0.84 -0.109097
0.88 -0.188202
0.92 -0.266096
0.96 -0.342278
1 -0.416259
1.04 -0.487566
1.08 -0.555741
1.12 -0.620349
1.16 -0.680978
1.2 -0.737244
1.24 -0.78879
1.28 -0.835293
1.32 -0.876462
1.36 -0.912042
1.4 -0.941815
1.44 -0.965599
1.48 -0.983253
1.52 -0.994672
1.56 -0.999792
1.6 -0.998583
1.64 -0.991054
1.68 -0.977244
1.72 -0.957224
1.76 -0.931094
1.8 -0.898975
1.84 -0.861005
1.88 -0.817335
1.92 -0.768119
1.96 -0.713509
