-2 1.9093
-1.96 1.99456
-1.92 2.04897
-1.88 2.07974
-1.84 2.09285
-1.8 2.09325
-1.76 2.08494
-1.72 2.07112
-1.68 2.05425
-1.64 2.03623
-1.6 2.01839
-1.56 2.00165
-1.52 1.98655
-1.48 1.97335
-1.44 1.96205
-1.4 1.95246
-1.36 1.94428
-1.32 1.93708
-1.28 1.93039
-1.24 1.92369
-1.2 1.91648
-1.16 1.90826
-1.12 1.89858
-1.08 1.88703
-1.04 1.87327
-1 1.85703
-0.96 1.8381
-0.92 1.81639
-0.88 1.79185
-0.84 1.76452
-0.8 1.73454
-0.76 1.70209
-0.72 1.66744
-0.68 1.6309
-0.64 1.59286
-0.6 1.55372
-0.56 1.51394
-0.52 1.474
-0.48 1.4344
-0.44 1.39563
-0.4 1.3582
-0.36 1.32261
-0.32 1.28933
-0.28 1.2588
-0.24 1.23144
-0.2 1.20762
-0.16 1.18767
-0.12 1.17186
-0.08 1.16041
-0.04 1.15348
0 1.15115
0.04 1.15348
0.08 1.16041
0.12 1.17186
0.16 1.18767
0.2 1.20762
0.24 1.23144
0.28 1.2588
0.32 1.28933
0.36 1.32261
0.4 1.3582
0.44 1.39563
0.48 1.4344
0.52 1.474
0.56 1.51394
0.6 1.55372
0.64 1.59286
0.68 1.6309
0.72 1.66744
0.76 1.70209
0.8 1.73454
0.84 1.76452
0.88 1.79185
0.92 1.81639
0.96 1.8381
1 1.85703
1.04 1.87327
1.08 1.88703
1.12 1.89858
1.16 1.90826
1.2 1.91648
1.24 1.92369
1.28 1.93039
1.32 1.93708
1.36 1.94428
1.4 1.95246
1.44 1.96205
1.48 1.97335
1.52 1.98655
1.56 2.00165
1.6 2.01839
1.64 2.03623
1.68 2.05425
1.72 2.07112
1.76 2.08494
1.8 2.09325
1.84 2.09285
1.88 2.07974
1.92 2.04897
1.96 1.99456
