-2 1.9093
-1.96 -4.22667
-1.92 -3.89153
-1.88 -1.70019
-1.84 0.380921
-1.8 1.74346
-1.76 2.39243
-1.72 2.54493
-1.68 2.43603
-1.64 2.24249
-1.6 2.0679
-1.56 1.95513
-1.52 1.90726
-1.48 1.90714
-1.44 1.93188
-1.4 1.96155
-1.36 1.98305
-1.32 1.99049
-1.28 1.98376
-1.24 1.96624
-1.2 1.94263
-1.16 1.91728
-1.12 1.89322
-1.08 1.87182
-1.04 1.85296
-1 1.83548
-0.96 1.81778
-0.92 1.79831
-0.88 1.776
-0.84 1.7504
-0.8 1.72172
-0.76 1.69065
-0.72 1.65816
-0.68 1.62521
-0.64 1.59253
-0.6 1.56045
-0.56 1.52889
-0.52 1.49734
-0.48 1.46504
-0.44 1.43116
-0.4 1.39501
-0.36 1.35625
-0.32 1.31502
-0.28 1.27208
-0.24 1.22872
-0.2 1.18673
-0.16 1.1482
-0.12 1.11534
-0.08 1.09016
-0.04 1.07434
0 1.06894
0.04 1.07434
0.08 1.09016
0.12 1.11534
0.16 1.1482
0.2 1.18673
0.24 1.22872
0.28 1.27208
0.32 1.31502
0.36 1.35625
0.4 1.39501
0.44 1.43116
0.48 1.46504
0.52 1.49734
0.56 1.52889
0.6 1.56045
0.64 1.59253
0.68 1.62521
0.72 1.65816
0.76 1.69065
0.8 1.72172
0.84 1.7504
0.88 1.776
0.92 1.79831
0.96 1.81778
1 1.83548
1.04 1.85296
1.08 1.87182
1.12 1.89322
1.16 1.91728
1.2 1.94263
1.24 1.96624
1.28 1.98376
1.32 1.99049
1.36 1.98305
1.4 1.96155
1.44 1.93188
1.48 1.90714
1.52 1.90726
1.56 1.95513
1.6 2.0679
1.64 2.24249
1.68 2.43603
1.72 2.54493
1.76 2.39243
1.8 1.74346
1.84 0.380921
1.88 -1.70019
1.92 -3.89153
1.96 -4.22667
